X =

 Columns 1 through 6:

   1.0000e+00   5.1267e-02   6.9956e-01   2.6283e-03   3.5864e-02   4.8938e-01
   1.0000e+00  -9.2742e-02   6.8494e-01   8.6011e-03  -6.3523e-02   4.6914e-01
   1.0000e+00  -2.1371e-01   6.9225e-01   4.5672e-02  -1.4794e-01   4.7921e-01
   1.0000e+00  -3.7500e-01   5.0219e-01   1.4062e-01  -1.8832e-01   2.5219e-01
   1.0000e+00  -5.1325e-01   4.6564e-01   2.6343e-01  -2.3899e-01   2.1682e-01
   1.0000e+00  -5.2477e-01   2.0980e-01   2.7538e-01  -1.1010e-01   4.4016e-02
   1.0000e+00  -3.9804e-01   3.4357e-02   1.5844e-01  -1.3675e-02   1.1804e-03
   1.0000e+00  -3.0588e-01  -1.9225e-01   9.3563e-02   5.8805e-02   3.6960e-02
   1.0000e+00   1.6705e-02  -4.0424e-01   2.7906e-04  -6.7528e-03   1.6341e-01
   1.0000e+00   1.3191e-01  -5.1389e-01   1.7400e-02  -6.7787e-02   2.6408e-01
   1.0000e+00   3.8537e-01  -5.6506e-01   1.4851e-01  -2.1776e-01   3.1929e-01
   1.0000e+00   5.2938e-01  -5.2120e-01   2.8024e-01  -2.7591e-01   2.7165e-01
   1.0000e+00   6.3882e-01  -2.4342e-01   4.0809e-01  -1.5550e-01   5.9253e-02
   1.0000e+00   7.3675e-01  -1.8494e-01   5.4280e-01  -1.3625e-01   3.4203e-02
   1.0000e+00   5.4666e-01   4.8757e-01   2.9884e-01   2.6654e-01   2.3772e-01
   1.0000e+00   3.2200e-01   5.8260e-01   1.0368e-01   1.8760e-01   3.3942e-01
   1.0000e+00   1.6647e-01   5.3874e-01   2.7712e-02   8.9684e-02   2.9024e-01
   1.0000e+00  -4.6659e-02   8.1652e-01   2.1771e-03  -3.8098e-02   6.6670e-01
   1.0000e+00  -1.7339e-01   6.9956e-01   3.0064e-02  -1.2130e-01   4.8938e-01
   1.0000e+00  -4.7869e-01   6.3377e-01   2.2914e-01  -3.0338e-01   4.0166e-01
   1.0000e+00  -6.0541e-01   5.9722e-01   3.6652e-01  -3.6156e-01   3.5667e-01
   1.0000e+00  -6.2846e-01   3.3406e-01   3.9496e-01  -2.0994e-01   1.1160e-01
   1.0000e+00  -5.9389e-01   5.1170e-03   3.5271e-01  -3.0389e-03   2.6184e-05
   1.0000e+00  -4.2108e-01  -2.7266e-01   1.7731e-01   1.1481e-01   7.4343e-02
   1.0000e+00  -1.1578e-01  -3.9693e-01   1.3405e-02   4.5957e-02   1.5755e-01
   1.0000e+00   2.0104e-01  -6.0161e-01   4.0417e-02  -1.2095e-01   3.6193e-01
   1.0000e+00   4.6601e-01  -5.3582e-01   2.1717e-01  -2.4970e-01   2.8710e-01
   1.0000e+00   6.7339e-01  -5.3582e-01   4.5345e-01  -3.6082e-01   2.8710e-01
   1.0000e+00  -1.3882e-01   5.4605e-01   1.9271e-02  -7.5803e-02   2.9817e-01
   1.0000e+00  -2.9435e-01   7.7997e-01   8.6642e-02  -2.2958e-01   6.0835e-01
   1.0000e+00  -2.6555e-01   9.6272e-01   7.0517e-02  -2.5565e-01   9.2683e-01
   1.0000e+00  -1.6187e-01   8.0190e-01   2.6202e-02  -1.2980e-01   6.4304e-01
   1.0000e+00  -1.7339e-01   6.4839e-01   3.0064e-02  -1.1242e-01   4.2041e-01
   1.0000e+00  -2.8283e-01   4.7295e-01   7.9993e-02  -1.3376e-01   2.2368e-01
   1.0000e+00  -3.6348e-01   3.1213e-01   1.3212e-01  -1.1345e-01   9.7425e-02
   1.0000e+00  -3.0012e-01   2.7047e-02   9.0072e-02  -8.1173e-03   7.3154e-04
   1.0000e+00  -2.3675e-01  -2.1418e-01   5.6051e-02   5.0707e-02   4.5873e-02
   1.0000e+00  -6.3940e-02  -1.8494e-01   4.0883e-03   1.1825e-02   3.4203e-02
   1.0000e+00   6.2788e-02  -1.6301e-01   3.9423e-03  -1.0235e-02   2.6572e-02
   1.0000e+00   2.2984e-01  -4.1155e-01   5.2826e-02  -9.4591e-02   1.6937e-01
   1.0000e+00   2.9320e-01  -2.2880e-01   8.5966e-02  -6.7084e-02   5.2349e-02
   1.0000e+00   4.8329e-01  -1.8494e-01   2.3357e-01  -8.9380e-02   3.4203e-02
   1.0000e+00   6.4459e-01  -1.4108e-01   4.1550e-01  -9.0939e-02   1.9904e-02
   1.0000e+00   4.6025e-01   1.2427e-02   2.1183e-01   5.7195e-03   1.5443e-04
   1.0000e+00   6.2730e-01   1.5863e-01   3.9351e-01   9.9509e-02   2.5163e-02
   1.0000e+00   5.7546e-01   2.6827e-01   3.3115e-01   1.5438e-01   7.1969e-02
   1.0000e+00   7.2523e-01   4.4371e-01   5.2596e-01   3.2179e-01   1.9688e-01
   1.0000e+00   2.2408e-01   5.2412e-01   5.0212e-02   1.1744e-01   2.7470e-01
   1.0000e+00   4.4297e-01   6.7032e-01   1.9622e-01   2.9693e-01   4.4933e-01
   1.0000e+00   3.2200e-01   6.9225e-01   1.0368e-01   2.2290e-01   4.7921e-01
   1.0000e+00   1.3767e-01   5.7529e-01   1.8953e-02   7.9200e-02   3.3096e-01
   1.0000e+00  -6.3364e-03   3.9985e-01   4.0150e-05  -2.5336e-03   1.5988e-01
   1.0000e+00  -9.2742e-02   5.5336e-01   8.6011e-03  -5.1320e-02   3.0621e-01
   1.0000e+00  -2.0795e-01   3.5599e-01   4.3243e-02  -7.4028e-02   1.2673e-01
   1.0000e+00  -2.0795e-01   1.7325e-01   4.3243e-02  -3.6027e-02   3.0016e-02
   1.0000e+00  -4.3836e-01   2.1711e-01   1.9216e-01  -9.5172e-02   4.7137e-02
   1.0000e+00  -2.1947e-01  -1.6813e-02   4.8167e-02   3.6899e-03   2.8268e-04
   1.0000e+00  -1.3882e-01  -2.7266e-01   1.9271e-02   3.7851e-02   7.4343e-02
   1.0000e+00   1.8376e-01   9.3348e-01   3.3768e-02   1.7154e-01   8.7138e-01
   1.0000e+00   2.2408e-01   7.7997e-01   5.0212e-02   1.7478e-01   6.0835e-01
   1.0000e+00   2.9896e-01   6.1915e-01   8.9377e-02   1.8510e-01   3.8335e-01
   1.0000e+00   5.0634e-01   7.5804e-01   2.5638e-01   3.8383e-01   5.7462e-01
   1.0000e+00   6.1578e-01   7.2880e-01   3.7919e-01   4.4878e-01   5.3115e-01
   1.0000e+00   6.0426e-01   5.9722e-01   3.6513e-01   3.6088e-01   3.5667e-01
   1.0000e+00   7.6555e-01   5.0219e-01   5.8607e-01   3.8445e-01   2.5219e-01
   1.0000e+00   9.2684e-01   3.6330e-01   8.5903e-01   3.3672e-01   1.3199e-01
   1.0000e+00   8.2316e-01   2.7558e-01   6.7759e-01   2.2685e-01   7.5944e-02
   1.0000e+00   9.6141e-01   8.5526e-02   9.2431e-01   8.2226e-02   7.3147e-03
   1.0000e+00   9.3836e-01   1.2427e-02   8.8052e-01   1.1661e-02   1.5443e-04
   1.0000e+00   8.6348e-01  -8.2602e-02   7.4560e-01  -7.1325e-02   6.8231e-03
   1.0000e+00   8.9804e-01  -2.0687e-01   8.0648e-01  -1.8578e-01   4.2795e-02
   1.0000e+00   8.5196e-01  -3.6769e-01   7.2584e-01  -3.1326e-01   1.3520e-01
   1.0000e+00   8.2892e-01  -5.2120e-01   6.8711e-01  -4.3203e-01   2.7165e-01
   1.0000e+00   7.9435e-01  -5.5775e-01   6.3099e-01  -4.4305e-01   3.1109e-01
   1.0000e+00   5.9274e-01  -7.4050e-01   3.5134e-01  -4.3892e-01   5.4834e-01
   1.0000e+00   5.1786e-01  -5.9430e-01   2.6818e-01  -3.0776e-01   3.5319e-01
   1.0000e+00   4.6601e-01  -4.1886e-01   2.1717e-01  -1.9519e-01   1.7544e-01
   1.0000e+00   3.5081e-01  -5.7968e-01   1.2307e-01  -2.0336e-01   3.3603e-01
   1.0000e+00   2.8744e-01  -7.6974e-01   8.2622e-02  -2.2125e-01   5.9250e-01
   1.0000e+00   8.5829e-02  -7.5512e-01   7.3666e-03  -6.4811e-02   5.7021e-01
   1.0000e+00   1.4919e-01  -5.7968e-01   2.2258e-02  -8.6482e-02   3.3603e-01
   1.0000e+00  -1.3306e-01  -4.4810e-01   1.7705e-02   5.9624e-02   2.0079e-01
   1.0000e+00  -4.0956e-01  -4.1155e-01   1.6774e-01   1.6855e-01   1.6937e-01
   1.0000e+00  -3.9228e-01  -2.5804e-01   1.5388e-01   1.0122e-01   6.6585e-02
   1.0000e+00  -7.4366e-01  -2.5804e-01   5.5303e-01   1.9189e-01   6.6585e-02
   1.0000e+00  -6.9758e-01   4.1667e-02   4.8662e-01  -2.9066e-02   1.7361e-03
   1.0000e+00  -7.5518e-01   2.9020e-01   5.7030e-01  -2.1915e-01   8.4216e-02
   1.0000e+00  -6.9758e-01   6.8494e-01   4.8662e-01  -4.7780e-01   4.6914e-01
   1.0000e+00  -4.0380e-01   7.0687e-01   1.6305e-01  -2.8543e-01   4.9967e-01
   1.0000e+00  -3.8076e-01   9.1886e-01   1.4498e-01  -3.4987e-01   8.4430e-01
   1.0000e+00  -5.0749e-01   9.0424e-01   2.5755e-01  -4.5889e-01   8.1765e-01
   1.0000e+00  -5.4781e-01   7.0687e-01   3.0010e-01  -3.8723e-01   4.9967e-01
   1.0000e+00   1.0311e-01   7.7997e-01   1.0632e-02   8.0423e-02   6.0835e-01
   1.0000e+00   5.7028e-02   9.1886e-01   3.2522e-03   5.2401e-02   8.4430e-01
   1.0000e+00  -1.0426e-01   9.9196e-01   1.0870e-02  -1.0342e-01   9.8398e-01
   1.0000e+00  -8.1221e-02   1.1089e+00   6.5969e-03  -9.0066e-02   1.2297e+00
   1.0000e+00   2.8744e-01   1.0870e+00   8.2622e-02   3.1245e-01   1.1816e+00
   1.0000e+00   3.9689e-01   8.2383e-01   1.5752e-01   3.2697e-01   6.7870e-01
   1.0000e+00   6.3882e-01   8.8962e-01   4.0809e-01   5.6831e-01   7.9142e-01
   1.0000e+00   8.2316e-01   6.6301e-01   6.7759e-01   5.4576e-01   4.3958e-01
